0.418000
0.424000
0.430000
0.423000
0.463000
0.476000
0.417000
0.436000
0.408000
0.380000
0.364000
0.359000
0.353000
0.349000
0.372000
0.381000
0.398000
0.448000
0.500000
0.480000
0.516000
0.473000
0.464000
0.456000
0.451000
0.442000
0.452000
0.456000
0.537000
0.444000
0.455000
0.422000
0.356000
0.326000
0.315000
0.313000
0.324000
0.326000
0.330000
0.348000
0.401000
0.489000
0.488000
0.447000
0.355000
0.338000
0.433000
0.466000
0.465000
0.458000
0.445000
0.420000
0.460000
0.403000
0.339000
0.362000
0.352000
0.351000
0.348000
0.341000
0.337000
0.339000
0.336000
0.328000
0.322000
0.349000
0.328000
0.308000
0.308000
0.385000
0.372000
0.369000
0.365000
0.363000
0.355000
0.378000
0.347000
0.329000
0.316000
0.296000
0.303000
0.296000
0.326000
0.322000
0.319000
0.315000
0.321000
0.409000
0.509000
0.586000
0.510000
0.375000
0.402000
0.436000
0.493000
0.491000
0.484000
0.481000
0.529000
0.651000
0.633000
0.542000
0.517000
0.450000
0.374000
0.339000
0.339000
0.353000
0.349000
0.351000
0.373000
0.436000
0.443000
0.411000
0.352000
0.351000
0.339000
0.385000
0.422000
0.414000
0.415000
0.502000
0.525000
0.524000
0.536000
0.540000
0.474000
0.372000
0.326000
0.331000
0.351000
0.361000
0.361000
0.355000
0.353000
0.374000
0.541000
0.685000
0.546000
0.462000
0.409000
0.392000
0.405000
0.425000
0.430000
0.424000
0.433000
0.441000
0.441000
0.533000
0.538000
0.482000
0.412000
0.403000
0.405000
0.408000
0.428000
0.424000
0.444000
0.452000
0.400000
0.426000
0.375000
0.436000
0.486000
0.562000
0.536000
0.526000
0.519000
0.518000
0.529000
0.555000
0.523000
0.554000
0.503000
0.399000
0.378000
0.358000
0.345000
0.341000
0.343000
0.363000
0.382000
0.390000
0.406000
0.535000
0.556000
0.461000
0.509000
0.681000
0.707000
0.690000
0.688000
0.701000
0.693000
0.676000
0.588000
0.544000
0.568000
0.535000
0.451000
0.445000
0.450000
0.443000
0.442000
0.437000
0.423000
0.398000
0.405000
0.539000
0.595000
0.508000
0.430000
0.423000
0.438000
0.431000
0.426000
0.420000
0.411000
0.403000
0.411000
0.393000
0.395000
0.401000
0.383000
0.408000
0.449000
0.446000
0.452000
0.456000
0.469000
0.454000
0.509000
0.545000
0.479000
0.412000
0.437000
0.510000
0.583000
0.579000
0.578000
0.572000
0.556000
0.552000
0.499000
0.474000
0.389000
0.322000
0.377000
0.435000
0.436000
0.429000
0.425000
0.426000
0.436000
0.465000
0.544000
0.529000
0.513000
0.376000
0.405000
0.408000
0.492000
0.557000
0.551000
0.543000
0.522000
0.502000
0.569000
0.509000
0.481000
0.383000
0.342000
0.332000
0.405000
0.429000
0.447000
0.464000
0.489000
0.575000
0.572000
0.472000
0.430000
0.418000
0.406000
0.558000
0.567000
0.616000
0.636000
0.647000
0.629000
0.621000
0.544000
0.522000
0.402000
0.349000
0.308000
0.295000
0.338000
0.337000
0.341000
0.343000
0.345000
0.349000
0.347000
0.478000
0.435000
0.463000
0.442000
0.398000
0.432000
0.494000
0.494000
0.486000
0.479000
0.516000
0.532000
0.501000
0.389000
0.323000
0.371000
0.420000
0.412000
0.413000
0.408000
0.401000
0.458000
0.596000
0.706000
0.650000
0.509000
0.437000
0.420000
0.380000
0.373000
0.382000
0.383000
0.385000
0.405000
0.407000
0.420000
0.349000
0.338000
0.342000
0.309000
0.304000
0.325000
0.359000
0.357000
0.357000
0.421000
0.504000
0.493000
0.455000
0.461000
0.449000
0.406000
0.365000
0.423000
0.435000
0.454000
0.463000
0.486000
0.649000
0.585000
0.543000
0.432000
0.408000
0.429000
0.399000
0.412000
0.404000
0.397000
0.391000
0.440000
0.466000
0.555000
0.499000
0.517000
0.547000
0.461000
0.410000
0.451000
0.510000
0.504000
0.501000
0.506000
0.503000
0.534000
0.551000
0.481000
0.430000
0.401000
0.433000
0.425000
0.450000
0.483000
0.499000
0.583000
0.633000
0.727000
0.725000
0.632000
0.485000
0.401000
0.424000
0.433000
0.458000
0.494000
0.516000
0.564000
0.717000
0.752000
0.642000
0.515000
0.365000
0.303000
0.404000
0.455000
0.458000
0.495000
0.495000
0.486000
0.488000
0.607000
0.553000
0.496000
0.450000
0.415000
0.471000
0.488000
0.492000
0.488000
0.483000
0.474000
0.452000
0.494000
0.491000
0.410000
0.332000
0.306000
0.405000
0.446000
0.454000
0.450000
0.443000
0.527000
0.698000
0.708000
0.631000
0.563000
0.440000
0.381000
0.348000
0.370000
0.409000
0.416000
0.441000
0.427000
0.465000
0.448000
0.380000
0.399000
0.444000
0.417000
0.407000
0.393000
0.397000
0.392000
0.398000
0.391000
0.367000
0.370000
0.388000
0.402000
0.328000
0.341000
0.339000
0.332000
0.329000
0.332000
0.335000
0.398000
0.415000
0.439000
0.395000
0.315000
0.408000
0.407000
0.373000
0.387000
0.385000
0.385000
0.382000
0.376000
0.381000
0.477000
0.488000
0.395000
0.391000
0.363000
0.348000
0.391000
0.462000
0.513000
0.522000
0.551000
0.542000
0.450000
0.429000
0.386000
0.439000
0.403000
0.414000
0.423000
0.430000
0.436000
0.461000
0.534000
0.554000
0.523000
0.441000
0.533000
0.609000
0.656000
0.657000
0.683000
0.675000
0.663000
0.660000
0.664000
0.677000
0.643000
0.563000
0.527000
0.401000
0.346000
0.360000
0.407000
0.475000
0.487000
0.482000
0.483000
0.531000
0.691000
0.694000
0.559000
0.395000
0.357000
0.364000
0.374000
0.368000
0.369000
0.368000
0.363000
0.392000
0.418000
0.600000
0.641000
0.742000
0.728000
0.705000
0.702000
0.707000
0.686000
0.682000
0.674000
0.648000
0.582000
0.526000
0.438000
0.361000
0.352000
0.463000
0.575000
0.607000
0.608000
0.617000
0.616000
0.654000
0.598000
0.476000
0.456000
0.440000
0.352000
0.380000
0.475000
0.473000
0.466000
0.456000
0.447000
0.483000
0.547000
0.573000
0.495000
0.514000
0.433000
0.386000
0.369000
0.369000
